PARAMETER   YEAR    JAN   FEB   MAR   APR   MAY   JUN   JUL   AUG   SEP   OCT   NOV   DEC   ANN 
T2M_MAX     1991   32.82 32.94 33.87 30.94 30.30 29.83 28.90 28.58 30.23 29.34 30.48 30.94 33.87
T2M_MAX     1992   32.55 33.92 34.68 31.55 30.08 29.25 28.35 28.49 29.55 30.26 30.52 30.88 34.68
T2M_MAX     1993   32.04 32.92 32.74 32.71 30.43 29.31 28.52 28.78 29.26 29.86 30.73 30.80 32.92
T2M_MAX     1994   31.63 32.65 31.69 32.17 30.77 29.44 28.53 28.35 29.76 29.40 30.02 30.72 32.65
T2M_MAX     1995   31.32 32.33 31.83 31.20 29.77 29.62 29.01 28.57 29.58 29.67 29.94 30.82 32.33
T2M_MAX     1996   32.40 32.98 31.76 30.83 30.98 29.74 28.54 28.62 29.30 29.45 30.18 30.51 32.98
T2M_MAX     1997   31.17 32.83 33.02 31.40 29.80 29.73 28.83 29.66 30.08 30.37 30.90 31.02 33.02
T2M_MAX     1998   33.19 34.48 35.37 34.06 31.09 29.60 29.71 29.30 29.80 30.23 31.02 30.98 35.37
T2M_MAX     1999   33.02 32.74 32.72 31.92 31.12 30.58 28.58 29.55 30.29 29.54 31.24 32.75 33.02
T2M_MAX     2000   35.60 35.36 36.94 33.09 34.41 29.23 28.68 29.09 29.51 29.90 30.62 31.13 36.94
T2M_MAX     2001   32.05 32.15 32.02 30.42 30.04 29.64 29.61 29.21 29.47 31.04 31.31 31.83 32.15
T2M_MAX     2002   31.76 34.05 34.11 32.45 31.54 29.89 29.38 29.31 30.30 30.03 30.79 31.25 34.11
T2M_MAX     2003   31.98 33.80 33.57 31.95 30.44 29.61 28.84 29.51 30.28 30.43 30.74 30.57 33.80
T2M_MAX     2004   32.08 32.73 32.53 31.56 30.86 28.97 29.04 29.38 29.26 30.51 30.69 31.52 32.73
T2M_MAX     2005   31.33 33.12 31.19 31.67 31.70 30.68 30.32 29.88 30.39 30.19 31.87 33.08 33.12
T2M_MAX     2006   33.73 33.97 33.20 34.74 31.55 30.24 30.35 29.05 30.42 30.25 30.59 31.05 34.74
T2M_MAX     2007   32.25 33.62 32.80 31.44 31.09 29.23 28.80 28.87 29.79 29.91 30.92 31.23 33.62
T2M_MAX     2008   30.49 32.11 31.02 31.53 30.13 29.49 29.48 28.93 29.52 30.71 30.85 31.22 32.11
T2M_MAX     2009   32.25 32.54 31.46 31.52 29.77 29.58 29.30 29.09 29.57 30.21 30.03 31.65 32.54
T2M_MAX     2010   32.01 32.47 32.53 32.33 30.29 29.95 29.49 29.53 29.37 29.59 30.96 31.39 32.53
T2M_MAX     2011   32.24 31.51 32.30 30.94 29.70 30.29 28.87 28.70 29.58 29.48 30.29 30.70 32.30
T2M_MAX     2012   32.04 31.65 31.97 31.06 30.13 30.02 28.78 29.02 29.18 29.56 30.89 30.37 32.04
T2M_MAX     2013   31.46 32.33 31.36 31.37 30.38 29.89 28.65 29.30 29.59 30.32 31.61 31.75 32.33
T2M_MAX     2014   31.48 32.27 31.22 31.22 30.66 30.01 30.11 29.74 29.50 30.18 30.80 31.36 32.27
T2M_MAX     2015   31.85 32.35 32.69 31.83 30.30 29.51 29.74 29.15 29.65 30.37 31.40 31.52 32.69
T2M_MAX     2016   33.36 35.63 34.64 32.01 30.65 30.66 29.40 29.26 30.07 31.07 31.76 31.34 35.63
T2M_MAX     2017   31.88 32.69 32.55 30.51 30.52 29.87 29.44 28.97 29.75 30.72 30.79 31.15 32.69
T2M_MAX     2018   31.21 32.84 32.18 30.97 29.98 29.61 29.65 29.13 29.38 31.07 31.18 31.07 32.84
T2M_MAX     2019   32.06 31.59 32.31 31.90 30.51 30.01 29.80 28.90 29.44 29.57 31.43 31.13 32.31
T2M_MAX     2020   32.25 33.45 32.71 32.34 31.19 30.05 28.95 29.62 29.83 31.19 31.37 31.42 33.45
