PARAMETER   YEAR    JAN   FEB   MAR   APR   MAY   JUN   JUL   AUG   SEP   OCT   NOV   DEC   ANN 
T2M_MIN     1991   14.32 22.02 22.27 21.76 20.18 21.40 20.23 20.40 20.78 20.37 20.53 16.08 14.32
T2M_MIN     1992   12.16 15.26 21.05 21.81 21.94 20.89 20.48 19.77 19.87 20.55 15.62 15.39 12.16
T2M_MIN     1993   14.18 14.86 15.12 22.38 22.41 21.34 20.18 19.92 20.58 20.93 20.57 16.22 14.18
T2M_MIN     1994   14.95 18.30 22.37 22.35 21.42 21.27 20.44 20.55 20.98 20.92 17.92 14.53 14.53
T2M_MIN     1995   16.33 17.44 21.01 22.55 22.19 20.94 20.36 20.98 21.24 20.85 17.35 15.92 15.92
T2M_MIN     1996   17.54 20.75 21.76 22.48 21.83 21.37 19.54 20.51 20.56 19.79 17.85 17.21 17.21
T2M_MIN     1997   15.66 14.24 17.47 21.29 21.76 21.40 20.17 19.65 21.41 21.74 21.19 17.16 14.24
T2M_MIN     1998   14.70 17.88 18.30 23.84 22.83 21.92 20.77 19.62 20.97 21.33 19.76 16.48 14.70
T2M_MIN     1999   15.58 18.13 22.37 22.44 21.95 20.55 20.61 20.19 20.56 20.87 20.58 17.53 15.58
T2M_MIN     2000   18.44 15.90 20.02 23.05 21.94 20.69 20.41 19.58 20.79 20.88 18.98 14.49 14.49
T2M_MIN     2001   14.54 13.75 22.38 22.30 21.73 21.30 20.42 19.87 20.08 21.48 20.80 18.13 13.75
T2M_MIN     2002   14.40 15.40 22.71 22.73 21.73 21.40 21.33 20.80 20.41 20.27 18.90 14.55 14.40
T2M_MIN     2003   15.30 20.71 21.94 22.12 22.44 21.08 20.26 20.23 21.19 22.06 20.09 15.40 15.30
T2M_MIN     2004   17.24 16.35 18.29 22.93 21.79 21.66 20.00 20.44 21.44 20.95 20.68 17.85 16.35
T2M_MIN     2005   13.69 21.23 22.48 23.33 22.29 21.19 20.48 19.94 21.02 21.83 21.32 17.76 13.69
T2M_MIN     2006   21.73 23.09 22.65 22.88 21.21 21.89 21.10 20.40 21.12 21.80 18.03 15.55 15.55
T2M_MIN     2007   13.59 18.61 20.05 22.98 22.26 21.25 20.96 20.44 21.07 21.48 20.69 14.62 13.59
T2M_MIN     2008   13.19 15.80 21.26 22.32 22.16 21.43 20.90 20.64 21.08 21.71 19.36 16.63 13.19
T2M_MIN     2009   17.39 22.09 21.41 22.23 21.69 20.78 21.15 21.04 21.15 21.30 17.62 16.60 16.60
T2M_MIN     2010   17.02 17.62 21.23 22.29 22.61 21.83 20.37 20.33 20.55 21.48 21.34 16.05 16.05
T2M_MIN     2011   14.23 20.09 21.58 22.07 22.63 20.88 20.80 20.58 20.73 21.01 16.16 14.66 14.23
T2M_MIN     2012   15.02 21.90 20.59 21.86 21.93 20.51 20.58 19.11 20.98 21.29 21.44 16.30 15.02
T2M_MIN     2013   16.20 15.29 22.70 22.21 21.73 21.33 19.93 19.61 21.13 21.08 21.61 14.35 14.35
T2M_MIN     2014   18.05 19.15 21.53 22.44 22.15 21.91 21.25 20.51 21.06 21.38 19.91 16.42 16.42
T2M_MIN     2015   12.10 22.30 22.08 21.97 22.04 21.41 20.31 21.09 21.19 21.39 19.96 14.04 12.10
T2M_MIN     2016   15.29 16.84 21.84 23.12 21.94 21.16 21.09 21.23 21.28 22.11 20.01 16.84 15.29
T2M_MIN     2017   16.62 16.94 22.62 22.37 21.99 20.76 20.28 20.62 21.46 21.44 18.48 17.82 16.62
T2M_MIN     2018   13.94 16.44 21.68 22.53 22.19 20.97 20.17 20.73 21.53 20.96 19.98 16.29 13.94
T2M_MIN     2019   17.01 18.18 21.45 22.12 22.44 21.47 20.94 21.09 21.33 20.92 20.90 15.78 15.78
T2M_MIN     2020   13.07 15.24 21.37 21.39 22.03 20.85 20.72 18.16 21.06 20.35 20.51 18.21 13.07